# No	Error
2 0.263353413654618451
3 0.11204819277108434
4 0.0854819277108433556
5 0.0717469879518072284
6 0.0612851405622489853
7 0.0524497991967871474
8 0.0454216867469879534
9 0.0397791164658634552
10 0.0351004016064256977
11 0.0310441767068273151
12 0.0274297188755020099
13 0.0242570281124498029
14 0.0218674698795180734
15 0.0194779116465863475
16 0.017228915662650602
17 0.0151807228915662659
18 0.0132329317269076312
19 0.0118674698795180732
20 0.0102610441767068267
21 0.00889558232931726874
