# No	Error
2 0.28469879518072283
3 0.124216867469879519
4 0.0895582329317269193
5 0.0765863453815261025
6 0.067469879518072276
7 0.059337349397590361
8 0.0525903614457831348
9 0.048594377510040157
10 0.0438353413654618412
11 0.0402208835341365464
12 0.0363855421686746922
13 0.0340963855421686779
14 0.0315461847389558181
15 0.0287148594377510079
16 0.027630522088353416
17 0.0258232931726907651
18 0.0236144578313252987
19 0.0219678714859437713
20 0.0208634538152610502
21 0.0200000000000000039
22 0.0183935742971887556
23 0.0171285140562249007
24 0.0156626506024096397
25 0.0153012048192771068
