# No	Error
2 0.162108433734939772
3 0.126726907630522079
4 0.11387550200803212
5 0.106405622489959842
6 0.100341365461847382
7 0.0964859437751003912
8 0.0939759036144578452
9 0.0908634538152610222
10 0.0884939759036144497
11 0.0863453815261044227
12 0.0846787148594377453
13 0.0828514056224899792
14 0.080823293172690755
15 0.0795582329317269243
16 0.0782730923694779229
17 0.0771084337349397658
18 0.0758634538152610505
19 0.0745983935742971921
20 0.0736144578313253084
21 0.0726104417670682678
22 0.0716265060240963841
23 0.0708032128514056308
24 0.0699799196787148498
25 0.0686144578313252901
26 0.0679116465863453672
27 0.0670682730923694848
28 0.0661847389558233024
29 0.0654417670682730934
30 0.0640361445783132477
31 0.0637951807228915591
32 0.0626907630522088172
33 0.0618072289156626417
34 0.0612449799196786993
35 0.0605020080321285111
36 0.0594176706827309262
37 0.0586947791164658603
38 0.0577911646586345418
39 0.0571887550200803133
40 0.0564457831325301182
41 0.0558232931726907605
42 0.055301204819277118
43 0.0542369477911646414
44 0.0535542168674698754
45 0.0532530120481927716
46 0.0526305220883534
47 0.0520281124497991854
48 0.0512048192771084321
49 0.0505823293172690744
