# No	Error
2 0.169497991967871464
3 0.127811244979919664
4 0.11184738955823291
5 0.104236947791164672
6 0.0964859437751003912
7 0.0917269076305221032
8 0.0877710843373493838
9 0.0831325301204819261
10 0.0797791164658634422
11 0.0763052208835341278
12 0.0732128514056224894
13 0.0703815261044176688
14 0.0681927710843373419
15 0.0656024096385542238
16 0.0629919678714859349
17 0.0609638554216867523
18 0.0590361445783132432
19 0.0572690763052208784
20 0.0555622489959839289
21 0.0541967871485943831
22 0.0526506024096385569
23 0.0510240963855421725
24 0.0498594377510040224
25 0.0486345381526104362
26 0.0476104417670682734
27 0.0461646586345381554
28 0.0451606425702811287
29 0.043775100401606426
30 0.0428313253012048215
31 0.0418072289156626448
32 0.0406827309236947737
33 0.0402610441767068256
34 0.0394779116465863444
35 0.0384538152610441747
36 0.03785140562248996
