# No	Error
2 0.137369477911646554
3 0.113755020080321262
4 0.10267068273092371
5 0.0966666666666666646
6 0.0918674698795180766
7 0.0882730923694778902
8 0.0855823293172690847
9 0.083072289156626497
10 0.0804016064257028207
11 0.0782128514056224938
12 0.0760441767068273239
13 0.07451807228915662
14 0.0725502008032128526
15 0.0707831325301204878
16 0.0691967871485943825
17 0.0676305220883534203
18 0.0664658634538152493
19 0.0648393574297188718
20 0.0632530120481927804
21 0.061506024096385524
22 0.0599799196787148617
23 0.0585341365461847368
24 0.0572088353413654702
25 0.0557630522088353384
26 0.0543975903614457787
27 0.0531927710843373494
28 0.0520883534136546145
29 0.050803212851405613
30 0.0495983935742971838
31 0.0484939759036144488
32 0.0473694779116465847
33 0.0463253012048192719
34 0.0453012048192771091
35 0.0441967871485943811
36 0.0434136546184739
37 0.0422489959839357429
38 0.0413253012048192814
39 0.0401405622489959812
40 0.039337349397590364
41 0.0384337349397590386
42 0.0376104417670682714
43 0.0367871485943775112
44 0.0360441767068273161
45 0.0352008032128514059
46 0.0344377510040160678
47 0.0336746987951807158
48 0.0330923694779116373
49 0.0325301204819277087
50 0.0321485943775100327
51 0.0315461847389558181
52 0.0310240963855421721
53 0.030401606425702811
54 0.0299799196787148697
55 0.0295381526104417716
56 0.02911646586345382
57 0.0285140562248995949
58 0.0279518072289156559
59 0.0272891566265060261
60 0.0268273092369477884
61 0.0262048192771084307
62 0.0256827309236947812
63 0.0251204819277108422
64 0.0247389558232931732
65 0.0242168674698795168
66 0.0238955823293172664
67 0.0234538152610441787
68 0.023192771084337354
69 0.0227309236947791163
70 0.0222489959839357425
71 0.021887550200803213
72 0.0216064257028112452
73 0.0212248995983935762
74 0.0208835341365461828
75 0.020582329317269079
76 0.0202610441767068286
77 0.0198393574297188804
78 0.0194979919678714871
79 0.0191566265060240971
80 0.0188955823293172689
81 0.0184939759036144603
82 0.0182730923694779147
83 0.0180321285140562226
84 0.0176506024096385536
85 0.017429718875502008
86 0.0171887550200803194
87 0.0169076305220883516
88 0.016686746987951806
89 0.0164859437751004034
90 0.0162851405622489974
91 0.0160642570281124518
92 0.0159036144578313249
93 0.0156827309236947793
94 0.0153614457831325324
95 0.0151004016064257059
96 0.0148795180722891586
97 0.0145983935742971908
98 0.0143172690763052231
99 0.0140763052208835362
100 0.0138554216867469888
101 0.0135943775100401624
102 0.0134538152610441768
103 0.0132931726907630516
104 0.0130923694779116473
105 0.0127510040160642591
106 0.0126305220883534131
107 0.0124899598393574292
108 0.0123694779116465866
109 0.0121485943775100427
110 0.0119277108433734937
111 0.0116265060240963863
112 0.0114658634538152612
113 0.0112851405622489964
114 0.0111044176706827299
115 0.0110040160642570287
116 0.0108835341365461843
117 0.0107630522088353418
118 0.0105823293172690753
119 0.0105421686746987944
