# No	Error
2 0.215461847389558231
3 0.176706827309236952
4 0.157469879518072287
5 0.146706827309236926
6 0.137751004016064271
7 0.131265060240963849
8 0.126506024096385533
9 0.121526104417670672
10 0.118353413654618489
11 0.115321285140562238
12 0.112951807228915665
13 0.110481927710843378
14 0.108554216867469897
15 0.106445783132530114
16 0.104658634538152592
17 0.103152610441767059
18 0.102028112449799202
19 0.100682730923694785
20 0.0989357429718875359
21 0.0984136546184738864
22 0.0973092369477911584
23 0.0963453815261044177
24 0.0952208835341365606
25 0.0945783132530120529
26 0.0936746987951807275
27 0.0931124497991968059
28 0.091947791164658621
29 0.0911847389558232829
30 0.090502008032128517
31 0.089718875502008022
