# No	Error
1 0.222389558232931661
2 0.143453815261044199
3 0.116526104417670681
4 0.104176706827309215
5 0.0984538152610441725
6 0.0920080321285140501
7 0.0892369477911646586
8 0.0865461847389558114
9 0.0859839357429718759
10 0.0837349397590361616
11 0.0820281124497991981
12 0.0806425702811244954
13 0.0806425702811244954
14 0.0798795180722891573
15 0.0788955823293172737
16 0.0775100401606425571
17 0.0780120481927710774
18 0.077148594377510038
19 0.0767871485943775051
20 0.0753212851405622441
21 0.0759638554216867379
22 0.0751204819277108415
23 0.0748795180722891529
24 0.0737951807228915679
25 0.0740763052208835288
26 0.0728714859437750995
27 0.0732931726907630476
28 0.0732931726907630615
29 0.0731124497991967742
30 0.0723694779116465792
31 0.0716465863453815271
32 0.0716064257028112411
33 0.0717269076305220993
34 0.0720281124497992031
35 0.0718674698795180866
36 0.0714056224899598385
37 0.0708835341365461752
38 0.0711445783132530069
39 0.0701807228915662662
40 0.0700200803212851358
41 0.0705622489959839283
42 0.0692771084337349408
43 0.0703614457831325257
44 0.0698594377510040054
45 0.0693172690763052129
46 0.0685341365461847318
47 0.0691967871485943825
48 0.0695180722891566294
49 0.0689357429718875647
50 0.068935742971887537
51 0.0685943775100401609
52 0.0680923694779116406
53 0.0687751004016064066
54 0.0683132530120481862
55 0.0685542168674698887
56 0.0683935742971887445
57 0.0683132530120481862
58 0.0676305220883534064
59 0.067510040160642576
60 0.0678112449799196798
61 0.0675702811244979912
62 0.0672891566265060304
63 0.0673092369477911595
64 0.0674899598393574329
65 0.0671686746987951722
66 0.0674497991967871469
67 0.0668273092369477961
68 0.0676907630522088355
69 0.066365461847389548
70 0.0675702811244979912
71 0.0669277108433734974
72 0.0667871485943775101
73 0.066385542168674691
74 0.0669277108433734974
75 0.0666867469879517949
76 0.066726907630522081
77 0.0669879518072288987
78 0.0662449799196787176
79 0.065642570281124496
80 0.0667068273092369379
81 0.0658433734939758847
82 0.0662650602409638606
83 0.0659839357429718998
84 0.0658232931726907555
85 0.0657228915662650542
86 0.0654016064257028212
87 0.0652409638554217047
88 0.0657831325301204833
89 0.0657831325301204972
90 0.0655220883534136656
91 0.0657228915662650542
92 0.0655020080321285086
93 0.0657429718875501973
94 0.0654417670682730934
95 0.0659236947791164707
96 0.0659236947791164707
97 0.0647791164658634427
98 0.0654819277108433656
99 0.065281124497991963
100 0.0654216867469879643
101 0.0658032128514056264
102 0.0648594377510040287
103 0.0647188755020080275
104 0.0647389558232931567
105 0.0652811244979919769
106 0.0656024096385542238
107 0.0642971887550200655
108 0.0646987951807228984
109 0.0643775100401606376
110 0.0640361445783132477
111 0.0646987951807228845
112 0.06530120481927712
113 0.0640361445783132616
114 0.0638152610441767021
115 0.0646586345381526123
116 0.0642771084337349363
117 0.0647791164658634566
118 0.064518072289156625
119 0.064156626506024092
120 0.0648995983935743009
121 0.0648192771084337288
122 0.0637148594377510008
123 0.0639759036144578325
124 0.0643975903614457806
125 0.0642369477911646503
126 0.0648393574297188718
127 0.0642168674698795211
128 0.0635943775100401565
129 0.064236947791164678
130 0.0639357429718875603
131 0.0643172690763052224
132 0.0643373493975903654
133 0.0643373493975903654
134 0.0637148594377510008
135 0.0637148594377510008
136 0.063775100401606416
137 0.0637148594377510008
138 0.0643373493975903654
139 0.064518072289156625
140 0.064176706827309235
141 0.0636345381526104426
142 0.0639759036144578325
143 0.0632329317269076235
144 0.0636546184738955856
145 0.064136546184738949
146 0.0636947791164658716
147 0.0632530120481927804
148 0.0630120481927710779
149 0.0643574297188755085
150 0.0632530120481927666
151 0.0636345381526104426
152 0.063072289156626507
153 0.0630722891566264932
154 0.06339357429718874
155 0.0632329317269076235
156 0.0631726907630522083
157 0.0628313253012048184
158 0.0631325301204819223
159 0.0630522088353413779
160 0.0629718875502008196
161 0.0629718875502008057
162 0.0636546184738955856
163 0.0630120481927710918
164 0.0629718875502008057
165 0.0632128514056224805
166 0.0632329317269076235
167 0.0628112449799196892
168 0.0627309236947791171
169 0.0630923694779116362
170 0.0624698795180722855
171 0.0628915662650602336
172 0.0632530120481927666
173 0.0631526104417670653
174 0.0629317269076305058
175 0.0632128514056224805
176 0.0623694779116465842
177 0.0630923694779116362
178 0.0632931726907630388
179 0.0631526104417670792
180 0.0627108433734939741
181 0.0627710843373493893
182 0.0627710843373494032
183 0.063032128514056221
184 0.0627510040160642601
185 0.0620481927710843303
