# No	Error
2 0.109520000000000006
3 0.0951800000000000007
4 0.0866600000000000009
5 0.080380000000000007
6 0.0755800000000000083
7 0.0715400000000000064
8 0.0676400000000000057
9 0.063839999999999994
10 0.0599599999999999994
11 0.0565200000000000077
12 0.053400000000000003
13 0.0507599999999999996
14 0.0482800000000000035
15 0.0460400000000000045
16 0.0439399999999999999
17 0.0418800000000000006
18 0.0397399999999999975
19 0.0376200000000000007
20 0.0361399999999999985
21 0.0340799999999999992
22 0.0325200000000000072
23 0.0312800000000000022
24 0.0300399999999999973
