# No	Error
1 0.139337349397590321
2 0.122590361445783114
3 0.115060240963855448
4 0.109176706827309247
5 0.105983935742971866
6 0.103714859437750995
7 0.101405622489959851
8 0.0994578313253011992
9 0.0981325301204819256
10 0.0963654618473895608
11 0.0956626506024096379
12 0.0941767068273092478
13 0.092730923694779116
14 0.0915662650602409589
15 0.0905622489959839322
16 0.0900803212851405549
17 0.0904618473895582448
18 0.0892570281124497877
19 0.0885542168674698787
20 0.0886144578313253078
21 0.0870080321285140734
22 0.0871485943775100469
23 0.086044176706827305
24 0.0855421686746987847
25 0.0858835341365461885
26 0.0847389558232931606
27 0.0843975903614457984
28 0.0842771084337349263
29 0.0835943775100401604
30 0.0841767068273092389
31 0.0832730923694779274
32 0.0825702811244979906
33 0.0825301204819276907
34 0.083092369477911654
35 0.0826907630522088349
36 0.0813855421686747044
37 0.0820481927710843273
38 0.0819076305220883538
39 0.0819477911646586399
40 0.0815863453815261069
41 0.0807630522088353398
42 0.0806626506024096385
43 0.0803614457831325346
44 0.0801004016064257029
45 0.0804216867469879498
46 0.0794578313253011953
47 0.0795180722891566244
48 0.0792771084337349358
49 0.07973895582329317
50 0.0787550200803212863
51 0.0788353413654618584
52 0.0790763052208835332
53 0.0784738955823293255
54 0.0785140562248995977
55 0.0784337349397590394
56 0.0786345381526104281
57 0.0779116465863453761
58 0.0784136546184738964
59 0.0779317269076305191
60 0.0785140562248995977
61 0.0783734939759036103
62 0.0777710843373494026
63 0.0780120481927710913
64 0.077530120481927714
65 0.0773493975903614406
66 0.0772489959839357532
67 0.0772088353413654671
68 0.0766666666666666607
69 0.0768072289156626481
70 0.0766867469879518038
71 0.0769477911646586354
72 0.0772489959839357532
73 0.0767269076305220898
74 0.0765261044176706873
75 0.0762248995983935834
76 0.0764257028112449721
77 0.0765261044176706873
78 0.0763855421686746999
79 0.0766666666666666746
80 0.0761847389558232974
81 0.076425702811244986
82 0.0760240963855421809
83 0.076064257028112453
84 0.075622489959839348
85 0.0759036144578313227
86 0.075622489959839348
87 0.0760441767068272961
88 0.0757228915662650492
89 0.075702811244979934
90 0.0752208835341365567
91 0.0754216867469879454
92 0.075281124497991958
93 0.0752208835341365567
94 0.0748393574297188946
95 0.0750803212851405555
96 0.0754016064257028024
97 0.0752409638554216997
98 0.0749799196787148681
99 0.074939759036144582
100 0.0746184738955823351
101 0.0747991967871485947
102 0.0745783132530120352
103 0.0748594377510040238
104 0.0749799196787148681
105 0.0740763052208835288
106 0.0744377510040160617
107 0.0743775100401606465
108 0.0744377510040160617
109 0.0737349397590361527
110 0.0743373493975903604
111 0.0738755020080321401
112 0.0740160642570281135
113 0.07421686746987953
114 0.0741164658634538287
115 0.073855421686746997
116 0.0738955823293172692
117 0.0738353413654618401
118 0.0743373493975903604
119 0.0738955823293172692
120 0.0739156626506024123
121 0.0739759036144578275
122 0.0736546184738955945
123 0.0733333333333333476
124 0.073453815261044178
125 0.0736345381526104376
126 0.0735742971887550223
127 0.0738152610441767248
128 0.0731726907630522033
129 0.0732730923694779324
130 0.0733333333333333198
131 0.0733534136546184767
132 0.0726305220883534247
133 0.0729718875502008146
134 0.0727911646586345273
135 0.0731927710843373464
136 0.0729718875502008146
137 0.0730722891566265159
138 0.0724899598393574235
139 0.073052208835341359
140 0.0735341365461847363
141 0.0725903614457831248
142 0.0728112449799196704
143 0.0728313253012047995
144 0.0724698795180722805
145 0.072289156626506007
146 0.0728514056224899564
147 0.0724698795180722805
148 0.071927710843373488
149 0.0723493975903614361
150 0.072409638554216893
151 0.0724096385542168652
152 0.0728112449799196704
153 0.0727510040160642413
154 0.0725502008032128526
155 0.0727710843373493982
156 0.0722690763052208779
157 0.072730923694779126
158 0.0722489959839357487
159 0.0722289156626505918
160 0.0722891566265060209
161 0.0719678714859437879
162 0.0719076305220883449
163 0.0722289156626506057
164 0.0722690763052208779
165 0.0720281124497992031
166 0.0721887550200803196
167 0.0717068273092369424
168 0.0723895582329317361
169 0.0717068273092369424
170 0.0719879518072289171
171 0.0716064257028112411
172 0.0715060240963855259
173 0.0717068273092369701
174 0.0722289156626506196
175 0.0720080321285140601
176 0.0714859437751003968
177 0.0719879518072289171
178 0.0720481927710843323
179 0.0716666666666666563
180 0.0720481927710843462
181 0.0719879518072289171
182 0.0719277108433735018
183 0.0714859437751004106
184 0.0718674698795180728
185 0.0717670682730923853
186 0.0713253012048192803
187 0.0715261044176706828
188 0.0713855421686746955
189 0.0715662650602409689
190 0.071265060240963865
191 0.0713253012048192803
192 0.0709638554216867473
193 0.0711847389558232929
194 0.0711044176706827347
195 0.0710843373493975778
196 0.0710240963855421625
197 0.0710843373493975916
198 0.0712048192771084221
199 0.0708032128514056169
200 0.0715461847389558259
201 0.0711445783132530207
202 0.0705622489959839422
203 0.0706827309236947865
204 0.0709839357429718765
205 0.071224899598393579
206 0.0712650602409638512
207 0.0709236947791164613
208 0.0708835341365461891
209 0.071566265060240955
210 0.0707429718875501878
211 0.0707228915662650587
212 0.0712650602409638512
213 0.0707630522088353309
214 0.0709236947791164613
215 0.0709638554216867473
216 0.0708232931726907738
217 0.0705823293172690713
218 0.0706024096385542144
219 0.0704016064257027979
220 0.07048192771084337
221 0.0706827309236947865
222 0.070863453815261046
223 0.0703012048192771105
224 0.0708835341365461752
225 0.0706626506024096435
226 0.0705421686746987991
227 0.0706024096385542144
228 0.0710240963855421764
229 0.0705020080321285131
230 0.0703815261044176549
231 0.0702811244979919814
232 0.07048192771084337
233 0.0702409638554216814
234 0.0704016064257028118
235 0.0705622489959839283
236 0.0705220883534136561
237 0.0704417670682730701
238 0.0699397590361445776
239 0.0705421686746987853
240 0.070120481927710851
241 0.0704618473895582409
242 0.0699598393574297345
243 0.0697791164658634472
244 0.0705823293172690713
245 0.0703212851405622535
246 0.0705421686746987991
247 0.0706425702811245004
248 0.0698393574297188763
249 0.0696787148594377459
250 0.0699196787148594345
251 0.0695983935742972015
252 0.0699397590361445776
253 0.0703815261044176549
254 0.0699397590361445776
255 0.0698795180722891485
256 0.0705823293172690713
257 0.069678714859437732
258 0.0702008032128513954
259 0.0699799196787148636
260 0.0697590361445783042
261 0.0696987951807228889
262 0.070441767068273084
263 0.0700200803212851358
264 0.0699196787148594345
265 0.0698995983935742915
266 0.069759036144578318
267 0.0699598393574297206
268 0.0695983935742972015
269 0.0696385542168674598
270 0.0699598393574297206
271 0.0696586345381526029
272 0.0696385542168674737
273 0.0693172690763052268
274 0.0693172690763052129
275 0.0694176706827309142
276 0.0696586345381526029
277 0.0697791164658634472
278 0.0696385542168674598
279 0.0693172690763051991
280 0.0694779116465863295
281 0.0697590361445783042
282 0.0694176706827309281
283 0.0699196787148594345
284 0.0694779116465863295
285 0.0698393574297188763
286 0.0698995983935742915
287 0.0692771084337349546
288 0.0699397590361445776
289 0.0693172690763052268
290 0.0692369477911646547
291 0.0696586345381526029
292 0.0690763052208835382
293 0.069377510040160642
294 0.0695381526104417585
295 0.0694377510040160711
296 0.0693172690763051991
297 0.0694578313253012003
298 0.0697188755020080458
299 0.0686746987951807192
300 0.0694779116465863433
301 0.0691164658634538104
302 0.0697590361445783042
303 0.0695582329317269016
304 0.0691967871485943825
305 0.0690562248995983952
306 0.0694979919678714864
307 0.0689959839357429661
308 0.0687148594377510052
309 0.0695381526104417585
310 0.0688152610441766927
311 0.0689759036144578369
312 0.068975903614457823
313 0.0686546184738955623
314 0.069337349397590356
315 0.0689558232931727078
316 0.0690763052208835382
317 0.0689959839357429661
318 0.0688152610441767204
319 0.0690160642570281091
320 0.0688755020080321217
321 0.0685943775100401609
322 0.0687751004016064205
323 0.0684538152610441597
324 0.068614457831325304
325 0.0689558232931726939
326 0.0685140562248995888
327 0.0689357429718875508
328 0.0689156626506024078
329 0.0688955823293172648
330 0.0687550200803212774
331 0.0685742971887550318
332 0.0686746987951807192
333 0.0681927710843373558
334 0.0685742971887550179
335 0.0684136546184739014
336 0.0681927710843373558
337 0.0687751004016064205
338 0.068614457831325304
339 0.0686947791164658622
340 0.0681124497991967698
341 0.0684738955823293027
342 0.0682530120481927571
343 0.0686345381526104331
344 0.0681927710843373419
345 0.0684939759036144458
346 0.0685542168674698887
347 0.068614457831325304
348 0.0686345381526104331
349 0.0683132530120481862
350 0.0686947791164658622
351 0.0685742971887550318
352 0.068253012048192771
353 0.0685341365461847457
354 0.0683333333333333293
355 0.0688353413654618357
356 0.0683132530120482001
357 0.0680522088353413546
358 0.0678514056224899659
359 0.0684337349397590444
360 0.0682128514056224849
361 0.0680321285140562393
362 0.0682730923694779002
363 0.0681325301204819267
364 0.0681325301204819267
365 0.0684738955823293166
366 0.0680321285140562393
367 0.0682931726907630432
368 0.0681325301204819267
369 0.0680120481927710824
370 0.0682128514056224988
371 0.0684939759036144596
372 0.0686345381526104331
373 0.0680522088353413546
374 0.0685140562248995888
375 0.0679518072289156533
376 0.0681526104417670697
377 0.0679518072289156533
378 0.0679919678714859393
379 0.0683734939759036153
380 0.0681927710843373419
381 0.0677911646586345368
382 0.0681726907630521989
383 0.0681526104417670558
384 0.0679518072289156533
385 0.0675502008032128481
386 0.067851405622489952
387 0.0676506024096385494
388 0.0679718875502007963
389 0.0676907630522088216
390 0.0680321285140562254
391 0.0685943775100401471
392 0.0680722891566265115
393 0.0679919678714859393
394 0.0674497991967871469
395 0.0673694779116465747
396 0.0678915662650602242
397 0.0677911646586345368
398 0.0674899598393574329
399 0.0681526104417670558
400 0.0678915662650602381
401 0.0679317269076305241
402 0.067851405622489952
403 0.0674497991967871469
404 0.0672690763052208873
405 0.0677309236947791077
406 0.0676104417670682634
407 0.0679317269076305102
408 0.0676706827309236786
409 0.0676706827309236925
410 0.0675903614457831342
411 0.0680522088353413684
412 0.0677510040160642646
413 0.0680321285140562254
414 0.0681726907630522128
415 0.0677710843373493937
416 0.0674899598393574329
417 0.0676104417670682634
418 0.0674297188755020038
419 0.0674497991967871469
420 0.0675702811244979912
421 0.0674497991967871469
422 0.0676907630522088355
423 0.0674698795180722899
424 0.0681726907630522128
425 0.0673694779116466025
426 0.0676907630522088355
427 0.067530120481927719
428 0.0676104417670682634
429 0.0674899598393574329
430 0.0677108433734939646
431 0.0671084337349397569
432 0.0673293172690763025
433 0.0677108433734939785
434 0.0673092369477911734
435 0.0675502008032128481
436 0.0672891566265060304
437 0.0673092369477911595
438 0.0676907630522088355
439 0.0673293172690763164
440 0.0673493975903614317
441 0.0670682730923694709
442 0.0673092369477911595
443 0.0674899598393574329
444 0.0676907630522088355
445 0.0675702811244979912
446 0.0669678714859437696
447 0.0672088353413654582
448 0.067510040160642576
449 0.0671285140562249
450 0.0673895582329317178
451 0.0672489959839357443
452 0.0671887550200803152
453 0.0670080321285140557
454 0.0670883534136546139
455 0.0671887550200803291
456 0.0670682730923694709
457 0.0674698795180722899
458 0.0671084337349397569
459 0.0679518072289156672
460 0.067449799196787133
461 0.0675100401606425621
462 0.067510040160642576
463 0.0673694779116466025
464 0.0669879518072289126
465 0.066847389558232953
466 0.0672489959839357443
467 0.0672088353413654721
468 0.0670883534136546139
469 0.0674497991967871469
470 0.0668674698795180683
471 0.0669678714859437835
472 0.0673694779116465886
473 0.0671084337349397569
474 0.0667871485943775101
475 0.0670080321285140695
476 0.0669879518072289126
477 0.0672891566265060304
478 0.0667871485943775101
479 0.066746987951807224
480 0.0672690763052208734
481 0.0667269076305220948
482 0.0664457831325301201
483 0.0673293172690763025
484 0.0671084337349397569
485 0.066746987951807224
486 0.0669678714859437835
487 0.0669076305220883405
488 0.0665461847389558353
489 0.0671285140562249
490 0.066746987951807224
491 0.0672289156626506151
492 0.0665461847389558214
493 0.0670682730923694709
494 0.066746987951807224
495 0.066726907630522081
496 0.066767068273092367
497 0.0670080321285140418
498 0.066726907630522081
499 0.0666064257028112505
500 0.066726907630522081
501 0.0666666666666666657
502 0.0668674698795180683
503 0.0666867469879518227
504 0.0667068273092369379
505 0.0666064257028112505
506 0.0668674698795180683
507 0.0668875502008032113
508 0.0666666666666666796
509 0.0672891566265060304
510 0.0665060240963855215
511 0.0668875502008032113
512 0.0666867469879518088
513 0.0670481927710843417
514 0.0663654618473895619
515 0.0664859437751004062
516 0.0665863453815261075
517 0.0665060240963855492
518 0.0670281124497991987
519 0.0671084337349397569
520 0.0667269076305220948
521 0.0668473895582329114
522 0.0666867469879517949
523 0.0664457831325301201
524 0.0665863453815260936
525 0.0664056224899598341
526 0.0663253012048192758
527 0.0665662650602409506
528 0.0668072289156626392
529 0.0666666666666666796
530 0.0665261044176706784
531 0.0667269076305220948
532 0.0665060240963855492
533 0.066385542168674691
534 0.066445783132530134
535 0.0667068273092369379
536 0.066425702811244991
537 0.0664658634538152493
538 0.0662048192771084315
539 0.066425702811244991
540 0.0665060240963855492
541 0.0669076305220883405
542 0.0671485943775100291
543 0.0665060240963855354
544 0.0668273092369477822
545 0.0663052208835341467
546 0.0665060240963855492
547 0.0664257028112449771
548 0.0662449799196787176
549 0.0668875502008032113
550 0.0664658634538152493
551 0.0665863453815261075
552 0.0662449799196787037
553 0.0668473895582329253
554 0.0665461847389558214
555 0.0663855421686747049
556 0.0668072289156626531
557 0.0663855421686747049
558 0.0662248995983935745
559 0.0666265060240963797
560 0.0667068273092369518
561 0.066405622489959848
562 0.0659839357429718859
563 0.066767068273092367
564 0.0665261044176706784
565 0.066345381526104405
566 0.0659236947791164568
567 0.066746987951807224
568 0.0664658634538152632
569 0.0661646586345381454
570 0.0662048192771084176
571 0.0661847389558232885
572 0.0662048192771084454
573 0.0664859437751004062
574 0.0661445783132530302
575 0.0661044176706827441
576 0.0666265060240963936
577 0.0664257028112449771
578 0.0662048192771084315
579 0.0666064257028112505
580 0.0663453815261044189
581 0.0656024096385542238
582 0.0663052208835341328
583 0.066044176706827315
584 0.0661847389558232885
585 0.0659236947791164707
586 0.0662449799196787176
587 0.066365461847389548
588 0.0661847389558232885
589 0.0657630522088353403
590 0.0660441767068273011
591 0.0666064257028112505
592 0.0667469879518072379
593 0.0661646586345381454
594 0.0662650602409638328
595 0.0662248995983935745
596 0.0661847389558232885
597 0.0664257028112449771
598 0.0663453815261044189
599 0.0662650602409638467
600 0.0664859437751003923
601 0.0659437751004015998
602 0.0662851405622489898
603 0.0658634538152610416
604 0.0658634538152610416
605 0.0659638554216867568
606 0.066024096385542172
607 0.0660040160642570289
608 0.0662048192771084315
609 0.0661445783132530024
610 0.0663453815261044189
611 0.0661445783132530024
612 0.0659839357429718859
613 0.0658032128514056264
614 0.0664457831325301201
615 0.0658232931726907694
616 0.0659437751004016137
617 0.0664457831325301201
618 0.0659437751004015998
619 0.0658232931726907694
620 0.0663654618473895619
621 0.0658634538152610555
622 0.0659437751004016137
623 0.0661847389558232885
624 0.0658433734939758986
625 0.0661646586345381454
626 0.0659236947791164707
627 0.0658835341365461846
628 0.0661646586345381593
629 0.0660642570281124442
630 0.0660441767068273011
631 0.0662650602409638606
632 0.0657228915662650542
633 0.0658232931726907555
634 0.0658634538152610416
635 0.0662248995983935745
636 0.066345381526104405
637 0.0662048192771084315
638 0.0657630522088353403
639 0.0658433734939759124
640 0.0659638554216867568
641 0.0663654618473895619
642 0.0656827309236947821
643 0.0661244979919678871
644 0.0660642570281124442
645 0.0655823293172690669
646 0.0660240963855421581
647 0.065642570281124496
648 0.0657429718875501973
649 0.0658634538152610416
650 0.065983935742971872
651 0.0659437751004015998
652 0.0661646586345381316
653 0.0659036144578313277
654 0.0657630522088353264
655 0.0656224899598393668
656 0.0660642570281124442
657 0.0656827309236947682
658 0.0656024096385542099
659 0.0657630522088353403
660 0.0662851405622489898
661 0.0659839357429718998
662 0.0658433734939759124
663 0.0662650602409638606
664 0.0661646586345381454
665 0.0657028112449799112
666 0.0659036144578313277
667 0.0656224899598393668
668 0.0659839357429718859
669 0.0657429718875502112
670 0.0657429718875502112
671 0.0660441767068273011
672 0.0657028112449799112
673 0.0655421686746987947
674 0.0656827309236947682
675 0.0657429718875501973
676 0.0658835341365461707
677 0.0659437751004016137
678 0.0660040160642570428
679 0.0658232931726907416
680 0.0653413654618473921
681 0.065281124497991963
682 0.0656827309236947821
683 0.065622489959839353
684 0.0655823293172690808
685 0.0656024096385542238
686 0.0657429718875502112
687 0.0657630522088353403
688 0.0656024096385542238
689 0.0651204819277108327
690 0.0657028112449799251
691 0.0654016064257028074
692 0.0654819277108433656
693 0.0659236947791164707
694 0.0657630522088353403
695 0.0654216867469879643
696 0.0660441767068273011
697 0.0657028112449799112
698 0.0653012048192771061
699 0.0655622489959839377
700 0.0655220883534136517
701 0.0653815261044176782
702 0.0655020080321285225
703 0.0655622489959839377
704 0.0653815261044176782
705 0.0657429718875501973
706 0.0652409638554216909
707 0.0658232931726907694
708 0.0654819277108433656
709 0.065642570281124496
710 0.0655823293172690669
711 0.0655823293172690808
712 0.0658232931726907694
713 0.0657228915662650542
714 0.0655020080321285086
715 0.0655220883534136656
716 0.0655421686746987947
717 0.0655220883534136656
718 0.0656827309236947821
719 0.0657028112449799112
720 0.0653413654618473921
721 0.0654216867469879504
722 0.0657228915662650542
723 0.0658433734939759124
724 0.06530120481927712
725 0.0654417670682730795
726 0.0654016064257028212
727 0.0654417670682730934
728 0.0655020080321285086
729 0.0654618473895582226
730 0.0654016064257028212
731 0.0654618473895582226
732 0.0654618473895582365
733 0.0653413654618473921
734 0.0659236947791164568
735 0.0653614457831325213
736 0.0657228915662650542
737 0.0654417670682730795
738 0.0657429718875502112
739 0.0657228915662650542
740 0.0651807228915662618
741 0.0655220883534136517
742 0.0656827309236947682
743 0.0659236947791164568
744 0.0655622489959839377
745 0.0653614457831325352
746 0.0655421686746987947
747 0.065240963855421677
748 0.0651807228915662618
749 0.06530120481927712
750 0.0651405622489959618
751 0.0654417670682730795
752 0.0655220883534136656
753 0.0654819277108433795
754 0.0653815261044176782
755 0.0654216867469879504
756 0.0655020080321285086
757 0.0655020080321285086
758 0.0658433734939759124
759 0.0654216867469879365
760 0.06526104417670682
761 0.0654618473895582365
762 0.0653012048192771061
763 0.0651807228915662479
764 0.0651204819277108327
765 0.0654819277108433656
766 0.0655421686746988086
767 0.0653815261044176782
768 0.0650803212851405743
769 0.0657429718875502112
770 0.065622489959839353
771 0.0657630522088353264
772 0.0654016064257028074
773 0.0650803212851405743
774 0.0654618473895582226
775 0.0654819277108433656
776 0.0656224899598393668
777 0.0649397590361445731
778 0.0653614457831325213
779 0.0651606425702811187
780 0.0652811244979919492
781 0.0650401606425702883
782 0.0652008032128514048
783 0.0653212851405622491
784 0.0651606425702811187
785 0.065281124497991963
786 0.0650401606425702744
787 0.0652811244979919769
788 0.065281124497991963
789 0.0649598393574297162
790 0.0651204819277108465
791 0.0655823293172690669
792 0.0653212851405622491
793 0.0649799196787148592
794 0.0654417670682730934
795 0.065642570281124496
796 0.0651405622489959618
797 0.0654417670682730795
798 0.0652008032128514048
799 0.065662650602409639
800 0.0652409638554216909
801 0.065281124497991963
802 0.0653614457831325213
803 0.0652409638554216909
804 0.0654819277108433656
805 0.0653212851405622491
806 0.0649999999999999883
807 0.0653212851405622491
808 0.0652208835341365339
809 0.0651606425702811326
810 0.0652208835341365339
811 0.0652610441767068339
812 0.0653815261044176782
813 0.0650401606425702883
814 0.0652008032128513909
815 0.0651807228915662618
816 0.064919678714859444
817 0.0652208835341365478
818 0.0654819277108433795
819 0.0653012048192771061
820 0.06530120481927712
821 0.0651606425702811187
822 0.0650803212851405605
823 0.0651606425702811187
824 0.0654216867469879643
825 0.065240963855421677
826 0.0649598393574297162
827 0.0649799196787148592
828 0.0655020080321285086
829 0.0651004016064257035
830 0.0649598393574297162
831 0.0649196787148594301
832 0.064939759036144587
833 0.0649397590361445731
834 0.0651807228915662618
835 0.0651004016064257035
836 0.0649598393574297162
837 0.0650401606425702883
838 0.0653614457831325213
839 0.0647188755020080275
840 0.0649799196787148592
841 0.0649196787148594301
842 0.0650200803212851314
843 0.0649397590361445731
844 0.0650602409638554313
845 0.0652208835341365339
846 0.0651204819277108465
847 0.0649598393574297162
848 0.0647991967871485997
849 0.0654417670682731073
850 0.0649196787148594301
851 0.0650602409638554174
852 0.0651606425702811326
853 0.0649397590361445731
854 0.0647188755020080414
855 0.0649799196787148453
856 0.0650000000000000022
857 0.0648995983935743009
858 0.0649598393574297162
859 0.0649999999999999883
860 0.0652008032128514187
861 0.0649799196787148453
862 0.0647389558232931844
863 0.0651204819277108465
864 0.0650602409638554174
865 0.0647590361445783136
866 0.0649598393574297162
867 0.0647389558232931706
868 0.0652610441767068478
869 0.064919678714859444
870 0.0648995983935743009
871 0.064919678714859444
872 0.0648795180722891579
873 0.0650602409638554036
874 0.064497991967871468
875 0.0651807228915662479
876 0.0649999999999999883
877 0.0650602409638554313
878 0.0647590361445783136
879 0.064939759036144587
880 0.0647389558232931844
881 0.0650803212851405605
882 0.0649799196787148731
883 0.0649598393574297023
884 0.0647389558232931706
885 0.0647590361445783136
886 0.0648795180722891579
887 0.0650401606425702883
888 0.0648192771084337427
889 0.0647991967871485858
890 0.0648995983935742871
891 0.0649196787148594301
892 0.0647389558232931567
893 0.0648393574297188718
894 0.0650803212851405466
895 0.0647389558232931844
896 0.0649999999999999883
897 0.0648393574297188718
898 0.0650602409638554313
899 0.0651405622489959896
900 0.064919678714859444
901 0.0653212851405622352
902 0.0646787148594377553
903 0.0647389558232931844
904 0.0646385542168674693
905 0.0646586345381526123
906 0.0647188755020080414
907 0.065321285140562263
908 0.0647791164658634427
909 0.0648795180722891579
910 0.0649799196787148592
911 0.0647791164658634566
912 0.0647991967871485858
913 0.0647590361445782997
914 0.0647991967871485997
915 0.064939759036144587
916 0.0646586345381526123
917 0.0645783132530120541
918 0.0649196787148594301
919 0.0652008032128514187
920 0.0648995983935743009
921 0.0646184738955823401
922 0.0646385542168674554
923 0.0648995983935743009
924 0.0645783132530120402
925 0.06495983935742973
926 0.0648192771084337427
927 0.0647590361445783136
928 0.0645783132530120541
929 0.0648995983935742871
930 0.0646385542168674693
931 0.0645381526104417819
932 0.0648393574297188718
933 0.064518072289156625
934 0.0643775100401606515
935 0.0646184738955823262
936 0.0648393574297188718
937 0.0646385542168674693
938 0.064558232931726911
939 0.0645983935742971832
940 0.0644779116465863528
941 0.0653413654618473921
942 0.0646987951807228984
943 0.0648594377510040149
944 0.0646586345381526123
945 0.0646987951807228984
946 0.0646385542168674554
947 0.0644979919678714819
948 0.0647389558232931706
949 0.0646787148594377553
950 0.064518072289156625
951 0.0643172690763052224
952 0.0645783132530120541
953 0.0648192771084337427
954 0.064839357429718858
955 0.0646987951807228845
956 0.064538152610441768
957 0.0648192771084337288
958 0.0645783132530120402
959 0.0645983935742971832
960 0.0646787148594377553
961 0.0647991967871485858
962 0.064518072289156625
963 0.0645983935742971832
964 0.0644377510040160667
965 0.064518072289156625
966 0.0643373493975903654
967 0.0647188755020080414
968 0.0645783132530120541
969 0.0646385542168674693
970 0.0647590361445783136
971 0.0647188755020080275
972 0.0645582329317268971
973 0.0646787148594377553
974 0.0645783132530120541
975 0.064156626506024092
976 0.0642971887550200932
977 0.0646184738955823124
978 0.0643574297188755085
979 0.0647188755020080414
980 0.0647791164658634705
981 0.064558232931726911
982 0.0645983935742971832
983 0.0650401606425702883
984 0.064518072289156625
985 0.0644377510040160528
986 0.0645783132530120541
987 0.0645983935742971971
988 0.064538152610441768
989 0.0641767068273092489
990 0.0643975903614457945
991 0.0646385542168674693
992 0.064558232931726911
993 0.0643975903614457806
994 0.0645783132530120541
995 0.0644979919678714958
996 0.0642971887550200794
997 0.0642369477911646641
998 0.0653012048192771061
999 0.064538152610441768
1000 0.0640562248995983768
