# No	Error
2 0.192399999999999988
3 0.139399999999999996
4 0.121099999999999999
5 0.111859999999999987
6 0.105740000000000015
7 0.101319999999999993
8 0.0981999999999999956
9 0.0952600000000000113
10 0.0928000000000000075
11 0.0907800000000000135
12 0.0890799999999999925
13 0.0878200000000000092
14 0.0863000000000000017
15 0.084760000000000002
16 0.0835599999999999954
17 0.082180000000000003
18 0.080479999999999996
19 0.0791000000000000036
20 0.0779600000000000154
21 0.0768800000000000039
22 0.0759600000000000136
23 0.074980000000000005
24 0.0739800000000000041
25 0.0730599999999999999
26 0.0720400000000000068
27 0.0709800000000000014
28 0.070160000000000014
29 0.0691999999999999976
30 0.06812
31 0.0672999999999999987
32 0.0665200000000000097
33 0.0655400000000000149
34 0.0645400000000000001
35 0.0635400000000000131
36 0.0627400000000000041
37 0.0615600000000000036
38 0.0607600000000000015
39 0.060139999999999999
40 0.0592000000000000026
41 0.0581800000000000095
42 0.0576399999999999968
43 0.0568200000000000024
44 0.0560000000000000012
45 0.0551799999999999929
46 0.0547400000000000109
47 0.0542200000000000043
48 0.0534799999999999928
49 0.0526600000000000054
50 0.0520599999999999882
51 0.0514400000000000066
52 0.0508200000000000041
53 0.0502599999999999991
54 0.0497200000000000003
55 0.0490400000000000003
56 0.0484199999999999978
57 0.047879999999999992
58 0.0473599999999999993
59 0.0468200000000000005
60 0.0462799999999999948
61 0.0455800000000000025
62 0.0449999999999999983
63 0.0444999999999999979
64 0.0441399999999999987
65 0.0435800000000000007
66 0.0430600000000000011
67 0.0425600000000000006
68 0.0421199999999999977
69 0.0416400000000000034
70 0.0411800000000000083
71 0.0404199999999999976
72 0.0399199999999999972
73 0.0395399999999999988
74 0.0390600000000000044
75 0.0387199999999999975
76 0.0383800000000000044
77 0.0378999999999999962
78 0.0373600000000000043
79 0.036979999999999999
80 0.0365199999999999969
81 0.036200000000000003
82 0.0358200000000000046
83 0.0353799999999999948
84 0.0349800000000000041
85 0.0345599999999999935
86 0.0341199999999999906
87 0.0338599999999999943
88 0.0335999999999999979
89 0.0332399999999999987
90 0.0328600000000000003
91 0.0325200000000000072
92 0.0321200000000000027
93 0.0316599999999999937
94 0.0312599999999999961
95 0.0309199999999999996
96 0.030640000000000004
97 0.030179999999999995
98 0.0298000000000000001
99 0.0295600000000000029
100 0.029279999999999997
101 0.0288399999999999976
102 0.0285200000000000037
103 0.0282199999999999916
104 0.0279600000000000022
105 0.0277800000000000026
106 0.0275399999999999985
107 0.0273399999999999962
108 0.0271199999999999983
109 0.0268200000000000001
110 0.0264800000000000001
111 0.0262399999999999994
112 0.0260200000000000049
113 0.0257000000000000006
114 0.0254199999999999982
115 0.0252000000000000002
116 0.0250200000000000006
117 0.0247600000000000008
118 0.0245200000000000001
119 0.0242799999999999995
120 0.0240199999999999997
121 0.0238599999999999993
122 0.0237400000000000007
123 0.0234800000000000009
124 0.0232800000000000021
125 0.023099999999999999
126 0.0229400000000000021
127 0.0227399999999999998
128 0.0225800000000000028
129 0.0222399999999999994
130 0.0218999999999999993
131 0.0217399999999999989
132 0.0215200000000000009
133 0.0213799999999999997
134 0.0212199999999999993
135 0.0209800000000000021
136 0.0208199999999999982
137 0.0206199999999999994
138 0.0204600000000000025
139 0.0202600000000000037
140 0.0198600000000000027
141 0.0196799999999999996
142 0.019560000000000001
143 0.0194599999999999981
144 0.0193399999999999961
145 0.0192399999999999967
146 0.0190600000000000006
147 0.0188000000000000007
148 0.0187399999999999962
149 0.0185999999999999985
150 0.0183399999999999987
151 0.0181000000000000015
152 0.0179799999999999995
153 0.017819999999999999
154 0.0177000000000000005
155 0.0175199999999999974
156 0.0173400000000000047
157 0.0171800000000000008
158 0.0171199999999999998
159 0.0169600000000000029
160 0.0167799999999999998
161 0.0166599999999999977
162 0.0165399999999999991
163 0.0164200000000000006
164 0.0161999999999999991
165 0.0160800000000000005
166 0.0159800000000000011
167 0.0158199999999999973
168 0.0156999999999999987
169 0.0156199999999999985
170 0.0154600000000000015
171 0.0154199999999999997
172 0.0152999999999999994
173 0.0152
174 0.0151599999999999999
175 0.014980000000000002
176 0.0148599999999999999
177 0.0146599999999999994
178 0.0145199999999999982
179 0.0143400000000000003
180 0.0141800000000000016
181 0.0139800000000000011
182 0.0138399999999999999
183 0.013819999999999999
184 0.0137800000000000006
185 0.0135800000000000018
186 0.0134199999999999996
187 0.0132800000000000019
188 0.01324
189 0.0131599999999999998
190 0.0130199999999999986
191 0.0129399999999999984
192 0.0128800000000000008
193 0.0128000000000000006
194 0.0128199999999999981
195 0.0127200000000000004
196 0.0126400000000000002
