# No	Error
1 0.139939759036144584
2 0.122710843373493958
3 0.115281124497991966
4 0.109839357429718856
5 0.106586345381526115
6 0.103393574297188762
7 0.100923694779116488
8 0.0992168674698795106
9 0.0977510040160642496
10 0.0963253012048192747
11 0.0948995983935742998
12 0.0935943775100401693
13 0.0924096385542168691
14 0.0914658634538152576
15 0.0908232931726907777
16 0.0898594377510039954
17 0.0891767068273092295
18 0.0884136546184738914
19 0.0878112449799196698
20 0.087208835341365476
21 0.0865461847389558114
22 0.0862851405622489936
23 0.0857228915662650581
24 0.0852008032128513948
25 0.0845983935742971732
26 0.0842771084337349263
27 0.0839558232931726933
28 0.0835542168674698882
29 0.0834738955823293161
30 0.0831124497991967831
31 0.0827911646586345362
32 0.0824698795180723032
33 0.0822690763052208868
34 0.0820281124497991843
35 0.0817871485943775095
36 0.0814859437751004057
37 0.0812851405622490031
38 0.0810441767068273144
39 0.0808634538152610549
40 0.0807028112449799245
41 0.0805220883534136511
42 0.0803212851405622486
43 0.0801004016064257168
44 0.0801004016064256891
45 0.0798393574297188852
46 0.07973895582329317
47 0.0795381526104417674
48 0.0794176706827309231
49 0.0792771084337349358
50 0.079036144578313261
51 0.0787349397590361433
52 0.078634538152610442
53 0.0783935742971887395
54 0.0782730923694779229
55 0.0782128514056224938
56 0.0780321285140562065
57 0.0778313253012048178
58 0.0777108433734939735
59 0.0776506024096385583
60 0.0775502008032128431
61 0.0774899598393574418
62 0.0773293172690763114
63 0.0771887550200803241
64 0.0770682730923694798
65 0.0768875502008032202
66 0.0768674698795180911
67 0.0767871485943775189
68 0.0767269076305221037
69 0.0766064257028112594
70 0.0764859437751004151
71 0.0764056224899598568
72 0.0763453815261044139
73 0.0763052208835341556
74 0.0763453815261044139
75 0.0762650602409638695
76 0.0762048192771084543
77 0.0762449799196787403
78 0.0761646586345381682
79 0.0761646586345381682
80 0.0760642570281124669
81 0.0759036144578313227
82 0.0757228915662650631
83 0.075662650602409634
84 0.0756024096385542188
85 0.0755622489959839327
86 0.0755421686746987897
87 0.0754819277108433745
88 0.0754417670682730884
89 0.0753614457831325302
90 0.0753413654618473871
91 0.075261044176706815
92 0.0751204819277108415
93 0.0748795180722891529
94 0.0748795180722891529
95 0.074919678714859439
96 0.0747791164658634655
97 0.0746586345381526073
98 0.074558232931726906
99 0.0744979919678714769
100 0.0745381526104417769
101 0.0744578313253012186
102 0.0744578313253012047
103 0.0744578313253012047
104 0.0744176706827309187
105 0.0743574297188755035
106 0.0743172690763052174
107 0.0742369477911646591
108 0.0740763052208835288
109 0.0741164658634538148
110 0.0740361445783132427
111 0.0740763052208835288
112 0.0739959839357429566
113 0.0739156626506024123
114 0.0738955823293172692
115 0.0738755020080321262
116 0.0738755020080321262
117 0.0738554216867469693
118 0.0737751004016064249
119 0.0737148594377509958
120 0.0736546184738955806
121 0.0735742971887550223
122 0.0735140562248996071
123 0.073433734939759035
124 0.073433734939759035
125 0.0734136546184739058
126 0.0733132530120482045
127 0.0733132530120481907
128 0.0732931726907630476
129 0.0732931726907630615
130 0.0732530120481927893
131 0.0731526104417670742
132 0.073132530120481945
133 0.073112449799196802
134 0.0730522088353413729
135 0.0729919678714859438
136 0.0729518072289156577
137 0.0729317269076305286
138 0.0728915662650602425
139 0.0728714859437750995
140 0.0728313253012048134
141 0.0728112449799196843
142 0.0728112449799196843
143 0.0727510040160642552
144 0.0726305220883534108
145 0.0725702811244979956
146 0.0725100401606425665
147 0.0724497991967871374
148 0.0724297188755020083
149 0.0724096385542168652
150 0.0723493975903614361
151 0.072329317269076307
152 0.0722489959839357349
153 0.072269076305220864
154 0.0723293172690762931
155 0.0723092369477911501
156 0.0722289156626505918
157 0.0721887550200803058
158 0.0721686746987951627
159 0.0721887550200803058
160 0.0721285140562248905
161 0.0721084337349397475
162 0.0721084337349397475
163 0.0720883534136546045
164 0.0720080321285140462
165 0.0720080321285140601
166 0.071947791164658631
167 0.071927710843373488
168 0.0718473895582329297
169 0.0718473895582329297
170 0.0717670682730923715
171 0.0717068273092369424
172 0.0717068273092369424
173 0.0716064257028112411
174 0.0716465863453815271
175 0.0715863453815260981
176 0.0715863453815260981
177 0.071546184738955812
178 0.0714658634538152537
179 0.0714257028112449677
180 0.0714056224899598246
181 0.0713453815261044233
182 0.0713453815261044094
183 0.0713253012048192803
184 0.0712851405622489942
185 0.0713052208835341372
186 0.0713052208835341372
187 0.0713253012048192803
188 0.0713453815261044094
189 0.0713654618473895525
190 0.0713253012048192803
191 0.0713052208835341372
192 0.0712650602409638512
193 0.0712650602409638512
194 0.0712048192771084221
195 0.0712048192771084221
196 0.0711847389558232929
197 0.0711646586345381499
198 0.0711847389558232929
199 0.0711847389558232929
200 0.0711646586345381499
201 0.0711244979919678638
202 0.0710642570281124347
203 0.0710240963855421625
204 0.0710441767068273056
205 0.0710040160642570195
206 0.0710040160642570195
207 0.0710240963855421625
208 0.0709839357429718765
209 0.0709638554216867334
210 0.0709437751004016043
211 0.0709437751004016043
212 0.0709437751004016043
213 0.0709036144578313182
214 0.070863453815261046
215 0.070863453815261046
216 0.0708032128514056308
217 0.0707630522088353447
218 0.0707429718875501878
219 0.0707228915662650587
220 0.0707228915662650587
221 0.0706827309236947865
222 0.0706827309236947865
223 0.0706827309236947865
224 0.0706425702811245004
225 0.0706626506024096435
226 0.0706224899598393574
227 0.0705823293172690713
228 0.0705421686746987991
229 0.070461847389558227
230 0.070461847389558227
231 0.0704216867469879548
232 0.0704216867469879548
233 0.0703815261044176688
234 0.0703413654618473827
235 0.0703413654618473827
236 0.0703815261044176688
237 0.0703614457831325257
238 0.0703413654618473966
239 0.0703012048192771105
240 0.0703012048192771105
241 0.0702811244979919814
242 0.0702409638554216814
243 0.0702008032128514092
244 0.0702409638554216814
245 0.0701807228915662662
246 0.0701405622489959801
247 0.0701405622489959801
248 0.070160642570281137
249 0.070140562248995994
250 0.070120481927710851
251 0.070120481927710851
252 0.0700401606425702788
253 0.0700602409638554219
254 0.0700602409638554219
255 0.0699397590361445914
256 0.0698594377510040193
257 0.0698795180722891485
258 0.0698795180722891485
259 0.0698393574297188763
260 0.0698192771084337332
261 0.0698192771084337332
262 0.0697991967871485902
263 0.0697791164658634472
264 0.0697791164658634472
265 0.0697791164658634611
266 0.069738955823293175
267 0.069738955823293175
268 0.069738955823293175
269 0.069718875502008032
270 0.0696987951807228889
271 0.0696586345381526029
272 0.0696184738955823307
273 0.0695983935742971876
274 0.0695783132530120585
275 0.0695783132530120585
276 0.0695783132530120585
277 0.0695381526104417585
278 0.0695381526104417585
279 0.0695582329317269155
280 0.0695582329317269155
281 0.0695381526104417585
282 0.0695381526104417585
283 0.0695381526104417585
284 0.0695381526104417585
285 0.0694979919678714864
286 0.0694779116465863572
287 0.0694979919678714864
288 0.0694779116465863572
289 0.0694578313253012142
290 0.0694779116465863572
291 0.0694779116465863572
292 0.0694578313253012142
293 0.0694377510040160711
294 0.0694176706827309281
295 0.0693975903614457851
296 0.069377510040160642
297 0.0693172690763052268
298 0.0693172690763052268
299 0.0692971887550200838
300 0.0692369477911646547
301 0.0692369477911646547
302 0.0691967871485943825
303 0.0692168674698795255
304 0.0692168674698795255
305 0.0691566265060240826
306 0.0690963855421686673
307 0.0691164658634538104
308 0.0690963855421686673
309 0.0691164658634538104
310 0.0690963855421686673
311 0.0690562248995983952
312 0.068975903614457823
313 0.068975903614457823
314 0.0689959839357429661
315 0.0689959839357429661
316 0.06895582329317268
317 0.068935742971887537
318 0.0689357429718875508
319 0.0689357429718875508
320 0.0689156626506024078
321 0.0688955823293172648
322 0.0688955823293172648
323 0.0688955823293172648
324 0.0688755020080321356
325 0.0688955823293172787
326 0.0688955823293172648
327 0.0688955823293172648
328 0.0689156626506024078
329 0.0688755020080321356
330 0.0688955823293172787
331 0.0688755020080321356
332 0.0688755020080321356
333 0.0688755020080321356
334 0.0688353413654618357
335 0.0688152610441766927
336 0.0688353413654618357
337 0.0688152610441766927
338 0.0687751004016064205
339 0.0687550200803212774
340 0.0687751004016064205
341 0.0687349397590361344
342 0.0687148594377510052
343 0.0686947791164658622
344 0.0686144578313252901
345 0.0686144578313252901
346 0.0685943775100401609
347 0.0685943775100401471
348 0.068574297188755004
349 0.068554216867469861
350 0.0684939759036144458
351 0.0684337349397590305
352 0.0684136546184738875
353 0.0683734939759036014
354 0.0683534136546184723
355 0.0683534136546184723
356 0.0683534136546184584
357 0.0683534136546184584
358 0.0683132530120481724
359 0.0683132530120481724
360 0.0683132530120481724
361 0.0683333333333333154
362 0.0683333333333333154
363 0.0683132530120481862
364 0.0683333333333333154
365 0.0683132530120481862
366 0.0682931726907630432
367 0.0682931726907630432
368 0.0683132530120481724
369 0.0683333333333333154
370 0.0683132530120481862
371 0.0682931726907630432
372 0.0682530120481927571
373 0.0682128514056224711
374 0.068192771084337328
375 0.0681726907630521989
376 0.0681726907630521989
377 0.0681325301204819267
378 0.0681325301204819267
379 0.0681124497991967837
380 0.0681124497991967837
381 0.0681124497991967837
382 0.0681124497991967837
383 0.0680722891566264976
384 0.0680722891566264976
385 0.0680722891566264976
386 0.0680522088353413546
387 0.0680321285140562115
388 0.0680120481927710685
389 0.0679718875502007963
390 0.0679518072289156533
391 0.0679518072289156533
392 0.0679317269076305102
393 0.0679116465863453672
394 0.0679116465863453672
395 0.0679317269076305102
396 0.0679116465863453672
397 0.0679116465863453672
398 0.0678915662650602242
399 0.067851405622489952
400 0.0678313253012048228
401 0.0678313253012048228
402 0.0677911646586345368
403 0.0677911646586345368
404 0.0677911646586345368
405 0.0677911646586345368
406 0.0677911646586345368
407 0.0677710843373493937
408 0.0676907630522088355
409 0.0677108433734939785
410 0.0676706827309236925
411 0.0676706827309236925
412 0.0676506024096385494
413 0.0676506024096385494
414 0.0676305220883534064
415 0.0676305220883534064
416 0.0676104417670682634
417 0.0676104417670682634
418 0.0675903614457831203
419 0.0676104417670682634
420 0.0676104417670682634
421 0.0675702811244979912
422 0.0675502008032128481
423 0.0675301204819277051
424 0.067489959839357419
425 0.0674698795180722899
426 0.0674899598393574329
427 0.0674698795180722899
428 0.0674497991967871469
429 0.0674297188755020038
430 0.0674096385542168608
431 0.0674096385542168608
432 0.0673895582329317178
433 0.0673895582329317178
434 0.0673895582329317178
