# No	Error
2 0.148212851405622487
3 0.120602409638554231
4 0.109337349397590378
5 0.102108433734939774
6 0.0973895582329317167
7 0.0934136546184738958
8 0.0899397590361445814
9 0.0877108433734939685
10 0.0854618473895582403
11 0.0833734939759036286
12 0.0812650602409638739
13 0.0796184738955823257
14 0.0779919678714859482
15 0.0763052208835341278
16 0.0745180722891566338
17 0.0733935742971887489
18 0.0721285140562249044
19 0.0707028112449799157
20 0.069337349397590356
21 0.0683935742971887584
22 0.0673293172690763025
23 0.0661847389558232885
24 0.0648393574297188718
25 0.06343373493975904
26 0.0623493975903614411
27 0.0610040160642570314
28 0.0600200803212851478
29 0.0588955823293172698
30 0.0577108433734939905
31 0.056726907630522086
32 0.055642570281124494
33 0.0544377510040160648
34 0.0534738955823293172
35 0.0525702811244979917
36 0.0514859437751003929
37 0.0505823293172690744
38 0.0496184738955823268
39 0.0489156626506024178
40 0.0482128514056224949
41 0.0473694779116465847
42 0.0464457831325301163
43 0.0459236947791164668
44 0.0452008032128514009
45 0.0441767068273092312
46 0.0435341365461847374
47 0.0427710843373493993
48 0.0418473895582329308
49 0.0412851405622489953
50 0.0404618473895582351
51 0.0398594377510040204
52 0.0390160642570281033
53 0.0383534136546184734
54 0.0377108433734939727
55 0.0367871485943775112
56 0.0363052208835341408
57 0.035602409638554218
58 0.0349196787148594381
59 0.0345783132530120482
60 0.0339558232931726836
61 0.0336345381526104367
62 0.0332329317269076316
63 0.0326907630522088391
64 0.0321887550200803257
65 0.0318674698795180789
66 0.0314658634538152598
67 0.03096385542168675
68 0.0303815261044176679
69 0.0298192771084337428
70 0.0295180722891566286
71 0.0291767068273092386
72 0.0288152610441767161
73 0.0285742971887550205
74 0.0281526104417670654
75 0.0276305220883534194
76 0.0273092369477911656
77 0.0269477911646586361
78 0.0266064257028112428
79 0.026124497991967869
80 0.025582329317269073
81 0.0253212851405622483
82 0.0249196787148594431
83 0.0245582329317269102
84 0.0242168674698795168
85 0.0238755020080321304
86 0.0234337349397590357
87 0.0232128514056224901
88 0.0229518072289156619
89 0.0226706827309236976
90 0.0224096385542168729
91 0.0221485943775100412
92 0.021887550200803213
93 0.0216265060240963883
94 0.0214056224899598427
95 0.0211244979919678715
96 0.0207429718875502024
97 0.0204216867469879555
98 0.0201405622489959878
99 0.0196987951807228931
100 0.0195381526104417697
101 0.0193373493975903636
102 0.019096385542168675
103 0.0188353413654618503
104 0.0185943775100401582
105 0.0183935742971887556
106 0.01817269076305221
107 0.0179718875502008039
108 0.0178313253012048201
109 0.0177108433734939757
110 0.0174096385542168684
111 0.0171686746987951798
112 0.0170281124497991959
113 0.0168273092369477933
114 0.0167469879518072282
115 0.0165461847389558221
116 0.01632530120481928
117 0.0161244979919678739
118 0.0159036144578313249
119 0.0158232931726907666
120 0.0156024096385542193
121 0.0153614457831325324
122 0.0151204819277108455
123 0.0150000000000000012
124 0.0148995983935742982
125 0.0146987951807228939
126 0.014457831325301207
127 0.0143172690763052231
128 0.0140160642570281123
129 0.0137349397590361463
130 0.0136546184738955845
131 0.013373493975903615
132 0.0132329317269076312
133 0.0130722891566265077
134 0.0129518072289156651
135 0.0128112449799196795
136 0.0126706827309236957
137 0.0125100401606425705
138 0.0124297188755020088
139 0.0123293172690763057
140 0.0120883534136546188
141 0.0119879518072289176
142 0.0118473895582329337
143 0.0116666666666666672
144 0.0115461847389558229
145 0.0114658634538152629
146 0.0112851405622489964
147 0.0112248995983935743
148 0.0111646586345381538
149 0.0110843373493975886
150 0.0110441767068273095
151 0.0108835341365461861
152 0.0107028112449799196
153 0.010481927710843374
154 0.0103212851405622488
155 0.0102409638554216871
156 0.0100401606425702811
157 0.00993975903614457978
158 0.00985943775100401633
159 0.00975903614457831331
160 0.00967871485943775159
161 0.00953815261044176771
162 0.00939759036144578383
163 0.00925702811244980169
164 0.00921686746987951909
165 0.00903614457831325435
166 0.00901606425702811479
167 0.00893574297188755133
168 0.00879518072289156745
169 0.00863453815261044227
170 0.00859437751004016141
171 0.0084538152610441758
172 0.00837349397590361581
173 0.0082329317269076302
174 0.00809236947791164805
175 0.00805220883534136719
176 0.00795180722891566244
177 0.00791164658634538158
178 0.00785140562248996116
179 0.0077710843373493977
180 0.00759036144578313296
181 0.0075100401606425695
182 0.00738955823293172605
183 0.00726907630522088261
184 0.00724899598393574218
185 0.00714859437751003916
186 0.0070682730923694783
187 0.00698795180722891658
188 0.00692771084337349356
189 0.00684738955823293183
190 0.00676706827309236751
191 0.00662650602409638623
192 0.00652610441767068235
193 0.0064257028112449802
194 0.00636546184738955804
195 0.00628514056224899545
196 0.00624497991967871459
197 0.00612449799196787114
198 0.00604417670682730942
199 0.00598393574297188726
200 0.00590361445783132554
201 0.00584337349397590338
202 0.00580321285140562252
203 0.00576305220883534166
204 0.0057028112449799195
205 0.00562248995983935778
206 0.00556224899598393562
207 0.00548192771084337303
208 0.00542168674698795088
209 0.00536144578313253045
210 0.00528112449799196786
211 0.005240963855421687
212 0.00516064257028112441
213 0.00508032128514056356
214 0.00504016064257028183
215 0.00495983935742971924
216 0.00487951807228915752
217 0.00483935742971887666
218 0.00475903614457831407
219 0.00467871485943775148
220 0.00457831325301204847
221 0.00447791164658634545
222 0.00441767068273092416
223 0.00437751004016064243
224 0.00431726907630522114
225 0.00423694779116465855
226 0.00421686746987951812
227 0.00417670682730923726
228 0.00417670682730923726
229 0.00415662650602409683
230 0.0041164658634538151
231 0.0041164658634538151
232 0.00407630522088353424
233 0.00397590361445783122
234 0.00393574297188755036
235 0.00391566265060240993
236 0.00389558232931726863
237 0.00383534136546184691
238 0.00379518072289156648
239 0.00371485943775100346
240 0.0036546184738955826
241 0.00361445783132530087
242 0.00357429718875502045
243 0.00355421686746987915
244 0.00351405622489959872
245 0.00347389558232931743
246 0.003453815261044177
247 0.00337349397590361484
248 0.00333333333333333355
249 0.00327309236947791182
250 0.0031927710843373488
251 0.00317269076305220924
252 0.00309236947791164665
253 0.00309236947791164665
254 0.00305220883534136579
255 0.00301204819277108449
256 0.00299196787148594363
257 0.00291164658634538191
258 0.00287148594377510061
259 0.00283132530120481932
260 0.00277108433734939803
261 0.00277108433734939803
262 0.00269076305220883544
263 0.00267068273092369501
264 0.00257028112449799199
265 0.00255020080321285156
266 0.00253012048192771113
267 0.00246987951807228941
268 0.00236947791164658639
269 0.00234939759036144596
270 0.00230923694779116466
271 0.00228915662650602467
272 0.00224899598393574294
273 0.00222891566265060251
274 0.00220883534136546208
275 0.00218875502008032121
276 0.00214859437751004035
277 0.00212851405622489949
278 0.00206827309236947776
279 0.00206827309236947776
280 0.00206827309236947776
281 0.00204819277108433733
282 0.00198795180722891561
283 0.00196787148594377518
284 0.0019277108433734941
285 0.00190763052208835367
286 0.00186746987951807238
287 0.00186746987951807238
288 0.00184738955823293195
289 0.00178714859437751022
290 0.00174698795180722871
291 0.00168674698795180699
292 0.00166666666666666677
293 0.00166666666666666677
294 0.00162650602409638526
295 0.00162650602409638526
296 0.00156626506024096397
297 0.00156626506024096397
298 0.00152610441767068289
299 0.00152610441767068289
300 0.00152610441767068289
301 0.00150602409638554225
302 0.0014859437751004016
303 0.0014859437751004016
304 0.0014859437751004016
305 0.0014859437751004016
306 0.0014859437751004016
307 0.0014859437751004016
308 0.00146586345381526095
309 0.00144578313253012052
310 0.0013855421686746988
311 0.00134538152610441772
312 0.00132530120481927707
313 0.001285140562248996
314 0.001285140562248996
315 0.00126506024096385535
316 0.00124497991967871492
317 0.00122489959839357427
318 0.00120481927710843362
319 0.00120481927710843362
320 0.00118473895582329319
321 0.00118473895582329319
322 0.00116465863453815255
323 0.00114457831325301212
324 0.00112449799196787147
325 0.00112449799196787147
326 0.00112449799196787147
327 0.00112449799196787147
328 0.00108433734939759039
329 0.00106425702811244974
330 0.00106425702811244974
331 0.00106425702811244974
332 0.00102409638554216867
333 0.00100401606425702802
334 0.00098393574297188759
335 0.00098393574297188759
336 0.00098393574297188759
337 0.000963855421686747051
338 0.000963855421686747051
339 0.000943775100401606296
340 0.000923694779116465974
341 0.000923694779116465974
342 0.000923694779116465974
343 0.000923694779116465974
344 0.000923694779116465974
345 0.000903614457831325218
346 0.000903614457831325218
347 0.000903614457831325218
348 0.000903614457831325218
349 0.000883534136546184571
350 0.000863453815261044032
351 0.00084337349397590371
352 0.00084337349397590371
353 0.00084337349397590371
354 0.000823293172690762955
355 0.000823293172690762955
356 0.000803212851405622525
357 0.000803212851405622525
358 0.000783132530120481986
359 0.000763052208835341447
360 0.000763052208835341447
361 0.000763052208835341447
362 0.000763052208835341447
363 0.000763052208835341447
364 0.000763052208835341447
365 0.000763052208835341447
366 0.000763052208835341447
367 0.000763052208835341447
368 0.0007429718875502008
369 0.000722891566265060261
370 0.000682730923694779075
371 0.000682730923694779075
372 0.000662650602409638537
373 0.000642570281124497998
374 0.000622489959839357459
375 0.000622489959839357459
376 0.000622489959839357459
377 0.000602409638554216921
378 0.000582329317269076382
379 0.000582329317269076382
380 0.000582329317269076382
381 0.000582329317269076382
382 0.000582329317269076382
383 0.000582329317269076382
384 0.000582329317269076382
385 0.000562248995983935735
386 0.000562248995983935735
387 0.000542168674698795196
388 0.000542168674698795196
389 0.000542168674698795196
390 0.000542168674698795196
391 0.000522088353413654657
392 0.000522088353413654657
393 0.000522088353413654657
394 0.000522088353413654657
395 0.000522088353413654657
396 0.000522088353413654657
397 0.000522088353413654657
398 0.000522088353413654657
399 0.000522088353413654657
400 0.000522088353413654657
401 0.000522088353413654657
402 0.000522088353413654657
403 0.000502008032128514118
404 0.000502008032128514118
405 0.000481927710843373526
406 0.000481927710843373526
407 0.000481927710843373526
408 0.000461847389558232878
409 0.000461847389558232878
410 0.000461847389558232878
411 0.000461847389558232878
412 0.000461847389558232878
413 0.000461847389558232878
414 0.000461847389558232878
415 0.000441767068273092394
416 0.000441767068273092394
417 0.000441767068273092394
418 0.000441767068273092394
419 0.000441767068273092394
420 0.000441767068273092394
421 0.000441767068273092394
422 0.000441767068273092394
423 0.000441767068273092394
424 0.000421686746987951855
425 0.000421686746987951855
426 0.000401606425702811262
427 0.000401606425702811262
428 0.000401606425702811262
429 0.000401606425702811262
430 0.000401606425702811262
431 0.000401606425702811262
432 0.000401606425702811262
433 0.000401606425702811262
434 0.000361445783132530131
435 0.000361445783132530131
436 0.000341365461847389592
437 0.000321285140562248999
438 0.000321285140562248999
439 0.000321285140562248999
440 0.000321285140562248999
441 0.000321285140562248999
442 0.000321285140562248999
443 0.000321285140562248999
444 0.000321285140562248999
445 0.000321285140562248999
446 0.00030120481927710846
447 0.000281124497991967867
448 0.000281124497991967867
449 0.000281124497991967867
450 0.000281124497991967867
451 0.000281124497991967867
452 0.000281124497991967867
453 0.000281124497991967867
454 0.000281124497991967867
455 0.000281124497991967867
456 0.000281124497991967867
457 0.000261044176706827329
458 0.000261044176706827329
459 0.000261044176706827329
460 0.000261044176706827329
461 0.000261044176706827329
462 0.000261044176706827329
463 0.000240963855421686763
464 0.000240963855421686763
465 0.000240963855421686763
466 0.000220883534136546197
467 0.000220883534136546197
468 0.000200803212851405631
469 0.000200803212851405631
470 0.000200803212851405631
471 0.000200803212851405631
472 0.000200803212851405631
473 0.000200803212851405631
474 0.000180722891566265065
475 0.000180722891566265065
476 0.000160642570281124499
477 0.000160642570281124499
478 0.000160642570281124499
479 0.000160642570281124499
480 0.000160642570281124499
481 0.000160642570281124499
482 0.000160642570281124499
483 0.000160642570281124499
484 0.000160642570281124499
485 0.000160642570281124499
486 0.000160642570281124499
487 0.000160642570281124499
488 0.000160642570281124499
489 0.000160642570281124499
490 0.000160642570281124499
491 0.000160642570281124499
492 0.000160642570281124499
493 0.000160642570281124499
494 0.000140562248995983934
495 0.000140562248995983934
496 0.000140562248995983934
497 0.000140562248995983934
498 0.000140562248995983934
499 0.000140562248995983934
500 0.000140562248995983934
501 0.000140562248995983934
502 0.000140562248995983934
503 0.000140562248995983934
504 0.000140562248995983934
505 0.000140562248995983934
506 0.000140562248995983934
507 0.000140562248995983934
508 0.000140562248995983934
509 0.000140562248995983934
510 0.000140562248995983934
511 0.000140562248995983934
512 0.000120481927710843381
513 0.000120481927710843381
514 0.000120481927710843381
515 0.000120481927710843381
516 0.000120481927710843381
517 0.000120481927710843381
518 0.000100401606425702816
519 8.03212851405622497e-05
520 8.03212851405622497e-05
521 8.03212851405622497e-05
522 8.03212851405622497e-05
523 8.03212851405622497e-05
524 8.03212851405622497e-05
525 8.03212851405622497e-05
526 6.02409638554216907e-05
527 6.02409638554216907e-05
528 6.02409638554216907e-05
529 6.02409638554216907e-05
530 6.02409638554216907e-05
531 6.02409638554216907e-05
532 6.02409638554216907e-05
533 6.02409638554216907e-05
534 6.02409638554216907e-05
535 6.02409638554216907e-05
536 6.02409638554216907e-05
537 6.02409638554216907e-05
538 6.02409638554216907e-05
539 6.02409638554216907e-05
540 6.02409638554216907e-05
541 6.02409638554216907e-05
542 4.01606425702811249e-05
543 4.01606425702811249e-05
544 4.01606425702811249e-05
545 4.01606425702811249e-05
546 4.01606425702811249e-05
547 4.01606425702811249e-05
548 4.01606425702811249e-05
549 4.01606425702811249e-05
550 2.00803212851405624e-05
551 2.00803212851405624e-05
552 2.00803212851405624e-05
553 2.00803212851405624e-05
554 2.00803212851405624e-05
555 2.00803212851405624e-05
556 2.00803212851405624e-05
557 2.00803212851405624e-05
558 2.00803212851405624e-05
559 2.00803212851405624e-05
560 2.00803212851405624e-05
561 2.00803212851405624e-05
562 2.00803212851405624e-05
563 2.00803212851405624e-05
564 2.00803212851405624e-05
565 2.00803212851405624e-05
566 2.00803212851405624e-05
567 2.00803212851405624e-05
568 2.00803212851405624e-05
569 2.00803212851405624e-05
570 2.00803212851405624e-05
571 2.00803212851405624e-05
572 2.00803212851405624e-05
573 2.00803212851405624e-05
574 2.00803212851405624e-05
575 2.00803212851405624e-05
576 2.00803212851405624e-05
577 2.00803212851405624e-05
578 2.00803212851405624e-05
579 2.00803212851405624e-05
580 2.00803212851405624e-05
581 2.00803212851405624e-05
582 2.00803212851405624e-05
583 2.00803212851405624e-05
584 2.00803212851405624e-05
585 2.00803212851405624e-05
586 2.00803212851405624e-05
587 2.00803212851405624e-05
588 2.00803212851405624e-05
589 2.00803212851405624e-05
590 2.00803212851405624e-05
591 2.00803212851405624e-05
592 2.00803212851405624e-05
593 2.00803212851405624e-05
594 2.00803212851405624e-05
595 2.00803212851405624e-05
596 2.00803212851405624e-05
597 2.00803212851405624e-05
598 2.00803212851405624e-05
599 2.00803212851405624e-05
600 2.00803212851405624e-05
601 2.00803212851405624e-05
602 2.00803212851405624e-05
603 2.00803212851405624e-05
604 2.00803212851405624e-05
605 2.00803212851405624e-05
606 2.00803212851405624e-05
607 2.00803212851405624e-05
608 2.00803212851405624e-05
609 2.00803212851405624e-05
610 2.00803212851405624e-05
611 2.00803212851405624e-05
612 2.00803212851405624e-05
613 2.00803212851405624e-05
614 2.00803212851405624e-05
615 2.00803212851405624e-05
616 2.00803212851405624e-05
617 2.00803212851405624e-05
618 2.00803212851405624e-05
619 2.00803212851405624e-05
620 2.00803212851405624e-05
621 2.00803212851405624e-05
622 2.00803212851405624e-05
623 2.00803212851405624e-05
624 2.00803212851405624e-05
625 2.00803212851405624e-05
626 2.00803212851405624e-05
627 2.00803212851405624e-05
628 2.00803212851405624e-05
629 2.00803212851405624e-05
630 2.00803212851405624e-05
631 2.00803212851405624e-05
632 2.00803212851405624e-05
633 2.00803212851405624e-05
634 2.00803212851405624e-05
635 2.00803212851405624e-05
636 2.00803212851405624e-05
637 2.00803212851405624e-05
638 2.00803212851405624e-05
639 2.00803212851405624e-05
640 2.00803212851405624e-05
641 2.00803212851405624e-05
642 2.00803212851405624e-05
643 2.00803212851405624e-05
644 2.00803212851405624e-05
645 2.00803212851405624e-05
646 2.00803212851405624e-05
647 2.00803212851405624e-05
648 2.00803212851405624e-05
649 2.00803212851405624e-05
650 2.00803212851405624e-05
651 2.00803212851405624e-05
652 2.00803212851405624e-05
653 2.00803212851405624e-05
654 2.00803212851405624e-05
655 2.00803212851405624e-05
656 2.00803212851405624e-05
657 2.00803212851405624e-05
658 2.00803212851405624e-05
659 2.00803212851405624e-05
660 2.00803212851405624e-05
661 2.00803212851405624e-05
662 2.00803212851405624e-05
663 2.00803212851405624e-05
664 2.00803212851405624e-05
665 2.00803212851405624e-05
666 2.00803212851405624e-05
667 2.00803212851405624e-05
668 2.00803212851405624e-05
669 2.00803212851405624e-05
670 2.00803212851405624e-05
671 2.00803212851405624e-05
672 2.00803212851405624e-05
673 2.00803212851405624e-05
674 2.00803212851405624e-05
675 2.00803212851405624e-05
676 2.00803212851405624e-05
677 2.00803212851405624e-05
678 2.00803212851405624e-05
679 2.00803212851405624e-05
680 2.00803212851405624e-05
681 2.00803212851405624e-05
682 2.00803212851405624e-05
683 2.00803212851405624e-05
684 2.00803212851405624e-05
685 2.00803212851405624e-05
686 2.00803212851405624e-05
687 2.00803212851405624e-05
688 2.00803212851405624e-05
689 2.00803212851405624e-05
690 2.00803212851405624e-05
691 2.00803212851405624e-05
692 2.00803212851405624e-05
693 2.00803212851405624e-05
694 2.00803212851405624e-05
695 2.00803212851405624e-05
696 2.00803212851405624e-05
697 2.00803212851405624e-05
698 2.00803212851405624e-05
699 2.00803212851405624e-05
700 2.00803212851405624e-05
701 2.00803212851405624e-05
702 2.00803212851405624e-05
703 2.00803212851405624e-05
704 2.00803212851405624e-05
705 2.00803212851405624e-05
706 2.00803212851405624e-05
707 2.00803212851405624e-05
708 2.00803212851405624e-05
709 2.00803212851405624e-05
710 2.00803212851405624e-05
711 2.00803212851405624e-05
712 2.00803212851405624e-05
713 2.00803212851405624e-05
714 2.00803212851405624e-05
715 2.00803212851405624e-05
716 2.00803212851405624e-05
717 2.00803212851405624e-05
718 2.00803212851405624e-05
719 2.00803212851405624e-05
720 2.00803212851405624e-05
721 2.00803212851405624e-05
722 2.00803212851405624e-05
723 2.00803212851405624e-05
724 2.00803212851405624e-05
725 2.00803212851405624e-05
726 2.00803212851405624e-05
727 2.00803212851405624e-05
728 2.00803212851405624e-05
729 2.00803212851405624e-05
730 2.00803212851405624e-05
731 2.00803212851405624e-05
732 2.00803212851405624e-05
733 2.00803212851405624e-05
734 2.00803212851405624e-05
735 2.00803212851405624e-05
736 2.00803212851405624e-05
737 2.00803212851405624e-05
738 2.00803212851405624e-05
739 2.00803212851405624e-05
740 2.00803212851405624e-05
741 2.00803212851405624e-05
742 2.00803212851405624e-05
743 2.00803212851405624e-05
744 2.00803212851405624e-05
745 2.00803212851405624e-05
746 2.00803212851405624e-05
747 0
748 0
749 0
750 0
751 0
752 0
753 0
754 0
755 0
756 0
757 0
758 0
759 0
760 0
761 0
762 0
763 0
764 0
765 0
766 0
767 0
768 0
769 0
770 0
771 0
772 0
773 0
774 0
775 0
776 0
777 0
778 0
779 0
780 0
781 0
782 0
783 0
784 0
785 0
786 0
787 0
788 0
789 0
790 0
791 0
792 0
793 0
794 0
795 0
796 0
797 0
798 0
799 0
800 0
801 0
802 0
803 0
804 0
805 0
806 0
807 0
808 0
809 0
810 0
811 0
812 0
813 0
814 0
815 0
816 0
817 0
818 0
819 0
820 0
821 0
822 0
823 0
824 0
825 0
826 0
827 0
828 0
829 0
830 0
831 0
832 0
833 0
834 0
835 0
836 0
837 0
838 0
839 0
840 0
841 0
842 0
843 0
844 0
845 0
846 0
847 0
848 0
849 0
850 0
851 0
852 0
853 0
854 0
855 0
856 0
857 0
858 0
859 0
860 0
861 0
862 0
863 0
864 0
865 0
866 0
867 0
868 0
869 0
870 0
871 0
872 0
873 0
874 0
875 0
876 0
877 0
878 0
879 0
880 0
881 0
882 0
883 0
884 0
885 0
886 0
887 0
888 0
889 0
890 0
891 0
892 0
893 0
894 0
895 0
896 0
897 0
898 0
899 0
900 0
901 0
902 0
903 0
904 0
905 0
906 0
907 0
908 0
909 0
910 0
911 0
912 0
913 0
914 0
915 0
916 0
917 0
918 0
919 0
920 0
921 0
922 0
923 0
924 0
925 0
926 0
927 0
928 0
929 0
930 0
931 0
932 0
933 0
934 0
935 0
936 0
937 0
938 0
939 0
940 0
941 0
942 0
943 0
944 0
945 0
946 0
947 0
948 0
949 0
950 0
951 0
952 0
953 0
954 0
955 0
956 0
957 0
958 0
959 0
960 0
961 0
962 0
963 0
964 0
965 0
966 0
967 0
968 0
969 0
970 0
971 0
972 0
973 0
974 0
975 0
976 0
977 0
978 0
979 0
980 0
981 0
982 0
983 0
984 0
985 0
986 0
987 0
988 0
989 0
990 0
991 0
992 0
993 0
994 0
995 0
996 0
997 0
998 0
999 0
1000 0
