# No	Error
2 0.145900000000000002
3 0.122999999999999998
4 0.112240000000000006
5 0.105120000000000005
6 0.100019999999999998
7 0.0957999999999999963
8 0.0921799999999999981
9 0.0891600000000000031
10 0.0864800000000000013
11 0.0841200000000000003
12 0.0822599999999999998
13 0.080160000000000009
14 0.0782000000000000056
15 0.0763799999999999896
16 0.0751600000000000046
17 0.0735199999999999881
18 0.072180000000000008
19 0.070480000000000001
20 0.069459999999999994
21 0.0681999999999999967
22 0.0670800000000000007
23 0.0657800000000000051
24 0.0647800000000000042
25 0.0635600000000000054
26 0.0626000000000000167
27 0.0614600000000000007
28 0.0606000000000000011
29 0.0594399999999999859
30 0.0585399999999999948
31 0.0577000000000000013
32 0.0567600000000000049
33 0.0558999999999999983
34 0.0548000000000000015
35 0.0542599999999999888
36 0.0533799999999999969
37 0.0527399999999999952
38 0.0519000000000000017
39 0.0509600000000000053
40 0.0501600000000000032
41 0.0491800000000000015
42 0.0485000000000000084
43 0.047780000000000003
44 0.0468000000000000013
45 0.0462399999999999964
46 0.0454000000000000029
47 0.0449999999999999983
48 0.0443599999999999967
49 0.0437200000000000019
50 0.0430999999999999994
51 0.042599999999999999
52 0.0420000000000000026
53 0.0416599999999999956
54 0.0412199999999999997
55 0.0406199999999999964
56 0.0401200000000000029
57 0.0396600000000000008
58 0.0391600000000000004
59 0.0384599999999999942
60 0.0379999999999999991
61 0.0374200000000000019
62 0.0369400000000000006
63 0.0364400000000000002
64 0.0358799999999999952
65 0.0354800000000000046
66 0.0351600000000000038
67 0.0347000000000000017
68 0.0343800000000000008
69 0.0337999999999999967
70 0.0333799999999999999
71 0.0329399999999999971
72 0.032599999999999997
73 0.0322800000000000031
74 0.0319399999999999962
75 0.031359999999999999
76 0.0310400000000000051
77 0.0305600000000000038
78 0.0302200000000000003
